17040048
17040049
17042027
17046006
17046007
17049015
17049026
17051040
17057003
17060013
17060048
17061017
17063039
17063041
17063043
17063045
17064004
17064010
17065033
17065034
17065035
17065036
17065037
17065044
17065045
17065047
17065048
17065049
17065050
17065053
17065054
17065055
17065056
17066001
17066002
17066003
17066004
17066006
17066008
17066009
17066010
17066011
17066013
17066014
17066021
17066022
17066024
17066025
17066026
17066027
17066029
17066030
17066032
17066050
17067032
17067045
17072015
17072023
17073023
17075007
17098018
17101038
17106006
17109048
17113002
17120024
17120026
17171034
17172018
17172046
17172047
17174004
17178004
17178040
